Original population configuration: 
[(array([[ 2,  0],
       [ 2,  2],
       [14,  3]]), array([2, 2, 0]), 434.0), (array([[ 4,  2],
       [ 8,  1],
       [10,  4]]), array([0, 3, 1]), 436.0), (array([[4, 2],
       [7, 3],
       [8, 0]]), array([0, 2, 2]), 436.0), (array([[ 7,  1],
       [ 3,  2],
       [13,  2]]), array([3, 3, 0]), 437.0), (array([[ 3,  4],
       [ 8,  4],
       [14,  3]]), array([0, 1, 0]), 437.0), (array([[ 1,  3],
       [ 4,  0],
       [10,  1]]), array([2, 2, 3]), 437.0), (array([[ 0,  4],
       [ 9,  2],
       [10,  4]]), array([1, 0, 0]), 437.0), (array([[1, 4],
       [4, 4],
       [9, 1]]), array([1, 1, 2]), 438.0), (array([[ 6,  3],
       [ 9,  3],
       [14,  2]]), array([0, 1, 0]), 439.0), (array([[ 6,  2],
       [ 3,  3],
       [14,  3]]), array([2, 0, 1]), 439.0), (array([[ 2,  4],
       [ 6,  3],
       [12,  5]]), array([2, 1, 0]), 439.0), (array([[11,  1],
       [11,  4],
       [ 6,  2]]), array([2, 2, 2]), 443.0), (array([[10,  3],
       [14,  2],
       [ 1,  0]]), array([2, 0, 2]), 444.0), (array([[ 6,  3],
       [ 2,  0],
       [14,  3]]), array([1, 2, 0]), 469.0), (array([[ 9,  4],
       [11,  4],
       [ 7,  1]]), array([1, 1, 3]), 473.0), (array([[12,  2],
       [ 7,  3],
       [ 0,  4]]), array([2, 1, 1]), 496.0), (array([[11,  1],
       [ 6,  0],
       [ 6,  3]]), array([2, 2, 2]), 497.0), (array([[12,  0],
       [ 8,  2],
       [ 7,  4]]), array([2, 0, 2]), 501.0), (array([[13,  3],
       [ 4,  3],
       [ 1,  1]]), array([1, 2, 2]), 515.0), (array([[14,  1],
       [ 7,  3],
       [ 2,  1]]), array([0, 1, 3]), 525.0)]
Generation 1 population configuration: 
[(array([[ 2,  0],
       [ 2,  2],
       [14,  3]]), array([2, 2, 0]), 434.0), (array([[ 2.,  0.],
       [ 2.,  2.],
       [14.,  3.]]), array([2, 2, 0]), 434.0), (array([[ 4,  2],
       [ 8,  1],
       [10,  4]]), array([0, 3, 1]), 436.0), (array([[4, 2],
       [7, 3],
       [8, 0]]), array([0, 2, 2]), 436.0), (array([[ 4.,  2.],
       [ 8.,  1.],
       [10.,  4.]]), array([0, 3, 1]), 436.0), (array([[ 7,  1],
       [ 3,  2],
       [13,  2]]), array([3, 3, 0]), 437.0), (array([[ 3,  4],
       [ 8,  4],
       [14,  3]]), array([0, 1, 0]), 437.0), (array([[ 1,  3],
       [ 4,  0],
       [10,  1]]), array([2, 2, 3]), 437.0), (array([[ 3.,  4.],
       [ 8.,  1.],
       [10.,  4.]]), array([0, 3, 1]), 437.0), (array([[1., 4.],
       [4., 4.],
       [9., 1.]]), array([1, 1, 2]), 438.0), (array([[ 2.,  4.],
       [ 6.,  3.],
       [12.,  5.]]), array([2, 1, 0]), 439.0), (array([[ 6.,  2.],
       [ 3.,  3.],
       [14.,  3.]]), array([2, 0, 1]), 439.0), (array([[ 6.,  3.],
       [ 9.,  3.],
       [14.,  2.]]), array([0, 1, 0]), 439.0), (array([[ 8,  4],
       [10,  2],
       [ 2,  3]]), array([2, 2, 1]), 443.0), (array([[ 7,  3],
       [10,  0],
       [ 2,  4]]), array([0, 2, 2]), 468.0), (array([[ 6.,  3.],
       [ 2.,  0.],
       [14.,  3.]]), array([1, 2, 0]), 469.0), (array([[ 5,  4],
       [ 3,  3],
       [11,  3]]), array([1, 0, 1]), 469.0), (array([[ 9,  5],
       [12,  4],
       [ 1,  2]]), array([0, 2, 3]), 472.0), (array([[7, 2],
       [3, 3],
       [1, 2]]), array([2, 1, 3]), 493.0), (array([[11,  4],
       [ 6,  4],
       [ 4,  2]]), array([2, 1, 3]), 497.0)]
Generation 2 population configuration: 
[(array([[ 2,  0],
       [ 2,  2],
       [14,  3]]), array([2, 2, 0]), 434.0), (array([[ 2.,  0.],
       [ 2.,  2.],
       [14.,  3.]]), array([2, 2, 0]), 434.0), (array([[ 4,  2],
       [ 8,  1],
       [10,  4]]), array([0, 3, 1]), 436.0), (array([[4, 2],
       [7, 3],
       [8, 0]]), array([0, 2, 2]), 436.0), (array([[ 4.,  2.],
       [ 8.,  1.],
       [10.,  4.]]), array([0, 3, 1]), 436.0), (array([[ 6.,  1.],
       [ 2.,  2.],
       [13.,  3.]]), array([3, 3, 0]), 436.0), (array([[ 4.,  2.],
       [ 8.,  1.],
       [10.,  4.]]), array([0, 3, 1]), 436.0), (array([[ 7,  1],
       [ 3,  2],
       [13,  2]]), array([3, 3, 0]), 437.0), (array([[ 3.,  4.],
       [ 8.,  1.],
       [10.,  4.]]), array([0, 3, 1]), 437.0), (array([[ 3.,  4.],
       [ 8.,  1.],
       [10.,  4.]]), array([0, 3, 1]), 437.0), (array([[ 2,  2],
       [ 3,  4],
       [14,  3]]), array([2, 2, 1]), 437.0), (array([[1., 4.],
       [4., 4.],
       [9., 1.]]), array([1, 1, 2]), 438.0), (array([[ 7,  1],
       [10,  3],
       [14,  3]]), array([0, 1, 1]), 438.0), (array([[ 6.,  2.],
       [ 3.,  3.],
       [14.,  2.]]), array([2, 1, 0]), 439.0), (array([[ 6.,  2.],
       [ 3.,  3.],
       [14.,  3.]]), array([2, 0, 1]), 439.0), (array([[ 6,  0],
       [ 7,  2],
       [12,  4]]), array([2, 2, 1]), 439.0), (array([[ 5,  3],
       [10,  4],
       [15,  2]]), array([1, 1, 3]), 440.0), (array([[ 5,  4],
       [10,  2],
       [12,  4]]), array([2, 0, 1]), 442.0), (array([[ 6.,  3.],
       [ 2.,  0.],
       [14.,  3.]]), array([1, 2, 0]), 469.0), (array([[12,  5],
       [14,  1],
       [ 5,  2]]), array([0, 0, 0]), 475.0)]
Generation 3 population configuration: 
[(array([[ 2,  1],
       [ 4,  4],
       [11,  3]]), array([3, 1, 2]), 433.0), (array([[ 2,  0],
       [ 2,  2],
       [14,  3]]), array([2, 2, 0]), 434.0), (array([[ 2.,  0.],
       [ 2.,  2.],
       [14.,  3.]]), array([2, 2, 0]), 434.0), (array([[ 3,  1],
       [ 6,  3],
       [12,  4]]), array([3, 2, 1]), 435.0), (array([[ 4,  2],
       [ 8,  1],
       [10,  4]]), array([0, 3, 1]), 436.0), (array([[4, 2],
       [7, 3],
       [8, 0]]), array([0, 2, 2]), 436.0), (array([[ 4.,  2.],
       [ 8.,  1.],
       [10.,  4.]]), array([0, 3, 1]), 436.0), (array([[ 6.,  1.],
       [ 2.,  2.],
       [13.,  3.]]), array([3, 3, 0]), 436.0), (array([[4., 2.],
       [7., 3.],
       [8., 0.]]), array([0, 2, 2]), 436.0), (array([[ 6.,  1.],
       [ 2.,  2.],
       [13.,  3.]]), array([3, 3, 0]), 436.0), (array([[ 4.,  2.],
       [ 8.,  1.],
       [14.,  3.]]), array([0, 3, 1]), 436.0), (array([[ 2.,  2.],
       [ 3.,  4.],
       [14.,  3.]]), array([2, 2, 1]), 437.0), (array([[ 7.,  1.],
       [ 3.,  2.],
       [13.,  2.]]), array([3, 3, 0]), 437.0), (array([[ 1,  3],
       [ 6,  2],
       [10,  1]]), array([2, 0, 2]), 437.0), (array([[ 6.,  2.],
       [ 3.,  3.],
       [14.,  3.]]), array([2, 0, 1]), 439.0), (array([[ 5.,  3.],
       [10.,  4.],
       [15.,  2.]]), array([1, 1, 3]), 440.0), (array([[ 4,  4],
       [ 3,  1],
       [12,  1]]), array([2, 2, 3]), 440.0), (array([[ 6.,  3.],
       [ 2.,  0.],
       [14.,  3.]]), array([1, 2, 1]), 469.0), (array([[ 5,  4],
       [ 0,  3],
       [11,  3]]), array([1, 1, 1]), 469.0), (array([[14,  4],
       [10,  0],
       [ 3,  4]]), array([1, 2, 1]), 542.0)]
Generation 4 population configuration: 
[(array([[ 2,  1],
       [ 4,  4],
       [11,  3]]), array([3, 1, 2]), 433.0), (array([[ 2.,  1.],
       [ 4.,  4.],
       [11.,  3.]]), array([3, 1, 2]), 433.0), (array([[ 2,  0],
       [ 2,  2],
       [14,  3]]), array([2, 2, 0]), 434.0), (array([[ 2.,  0.],
       [ 2.,  2.],
       [14.,  3.]]), array([2, 2, 0]), 434.0), (array([[ 2.,  0.],
       [ 2.,  2.],
       [14.,  3.]]), array([2, 2, 0]), 434.0), (array([[ 3,  1],
       [ 6,  3],
       [12,  4]]), array([3, 2, 1]), 435.0), (array([[ 4.,  2.],
       [ 2.,  2.],
       [13.,  3.]]), array([3, 3, 0]), 435.0), (array([[ 4,  2],
       [ 8,  1],
       [10,  4]]), array([0, 3, 1]), 436.0), (array([[4, 2],
       [7, 3],
       [8, 0]]), array([0, 2, 2]), 436.0), (array([[4., 2.],
       [7., 3.],
       [8., 0.]]), array([0, 2, 2]), 436.0), (array([[4., 2.],
       [7., 3.],
       [8., 0.]]), array([0, 2, 2]), 436.0), (array([[ 4.,  2.],
       [ 8.,  1.],
       [10.,  4.]]), array([0, 3, 1]), 436.0), (array([[ 7.,  1.],
       [ 3.,  2.],
       [11.,  3.]]), array([3, 3, 2]), 437.0), (array([[10,  4],
       [12,  1],
       [ 1,  2]]), array([2, 2, 2]), 445.0), (array([[ 2.,  4.],
       [ 0.,  3.],
       [11.,  3.]]), array([1, 1, 1]), 466.0), (array([[5, 3],
       [8, 4],
       [1, 4]]), array([1, 2, 1]), 468.0), (array([[ 8,  3],
       [14,  4],
       [ 0,  4]]), array([1, 1, 1]), 471.0), (array([[11,  4],
       [ 6,  3],
       [ 0,  4]]), array([1, 2, 1]), 512.0), (array([[12,  4],
       [ 1,  4],
       [ 1,  1]]), array([1, 2, 2]), 517.0), (array([[14,  1],
       [ 8,  3],
       [ 3,  4]]), array([0, 1, 0]), 529.0)]
Generation 5 population configuration: 
[(array([[ 2,  1],
       [ 4,  4],
       [11,  3]]), array([3, 1, 2]), 433.0), (array([[ 2.,  1.],
       [ 4.,  4.],
       [11.,  3.]]), array([3, 1, 2]), 433.0), (array([[ 2.,  1.],
       [ 4.,  4.],
       [11.,  3.]]), array([3, 1, 2]), 433.0), (array([[ 2,  0],
       [ 2,  2],
       [14,  3]]), array([2, 2, 0]), 434.0), (array([[ 2.,  0.],
       [ 2.,  2.],
       [14.,  3.]]), array([2, 2, 0]), 434.0), (array([[ 2.,  0.],
       [ 2.,  2.],
       [14.,  3.]]), array([2, 2, 0]), 434.0), (array([[ 2.,  0.],
       [ 2.,  2.],
       [14.,  3.]]), array([2, 2, 0]), 434.0), (array([[2, 2],
       [6, 2],
       [9, 2]]), array([3, 0, 2]), 434.0), (array([[ 3,  1],
       [ 6,  3],
       [12,  4]]), array([3, 2, 1]), 435.0), (array([[ 4.,  2.],
       [ 8.,  1.],
       [10.,  4.]]), array([0, 3, 1]), 436.0), (array([[4., 2.],
       [7., 3.],
       [8., 0.]]), array([0, 2, 2]), 436.0), (array([[ 4.,  2.],
       [ 8.,  1.],
       [10.,  4.]]), array([0, 3, 1]), 436.0), (array([[4., 2.],
       [8., 1.],
       [9., 4.]]), array([0, 3, 1]), 436.0), (array([[ 7.,  1.],
       [ 3.,  2.],
       [11.,  3.]]), array([3, 3, 2]), 437.0), (array([[ 7.,  1.],
       [ 3.,  2.],
       [11.,  3.]]), array([3, 3, 2]), 437.0), (array([[5, 2],
       [8, 1],
       [8, 3]]), array([3, 2, 2]), 438.0), (array([[ 5,  4],
       [10,  3],
       [13,  4]]), array([2, 0, 1]), 442.0), (array([[10,  4],
       [ 9,  1],
       [14,  3]]), array([2, 2, 1]), 446.0), (array([[11,  2],
       [10,  4],
       [ 2,  4]]), array([2, 2, 2]), 499.0), (array([[14,  2],
       [13,  4],
       [ 2,  4]]), array([0, 0, 1]), 528.0)]
Generation 6 population configuration: 
[(array([[ 2,  1],
       [ 4,  4],
       [11,  3]]), array([3, 1, 2]), 433.0), (array([[ 2.,  1.],
       [ 4.,  4.],
       [11.,  3.]]), array([3, 1, 2]), 433.0), (array([[ 2.,  1.],
       [ 4.,  4.],
       [11.,  3.]]), array([3, 1, 2]), 433.0), (array([[ 2.,  1.],
       [ 4.,  4.],
       [11.,  3.]]), array([3, 1, 2]), 433.0), (array([[ 2,  0],
       [ 2,  2],
       [14,  3]]), array([2, 2, 0]), 434.0), (array([[ 2.,  0.],
       [ 2.,  2.],
       [14.,  3.]]), array([2, 2, 0]), 434.0), (array([[ 2.,  0.],
       [ 2.,  2.],
       [14.,  3.]]), array([2, 2, 0]), 434.0), (array([[ 2.,  0.],
       [ 2.,  2.],
       [14.,  3.]]), array([2, 2, 0]), 434.0), (array([[ 2.,  0.],
       [ 2.,  2.],
       [14.,  3.]]), array([2, 2, 0]), 434.0), (array([[ 2.,  0.],
       [ 2.,  2.],
       [14.,  3.]]), array([2, 2, 0]), 434.0), (array([[ 2.,  0.],
       [ 2.,  2.],
       [13.,  4.]]), array([2, 2, 1]), 434.0), (array([[ 2.,  0.],
       [ 2.,  2.],
       [14.,  3.]]), array([2, 2, 0]), 434.0), (array([[ 3.,  1.],
       [ 6.,  3.],
       [12.,  4.]]), array([3, 2, 1]), 435.0), (array([[ 7.,  1.],
       [ 3.,  2.],
       [11.,  3.]]), array([3, 3, 2]), 437.0), (array([[3, 3],
       [8, 2],
       [9, 4]]), array([2, 2, 2]), 439.0), (array([[ 7,  3],
       [ 5,  3],
       [12,  3]]), array([1, 1, 1]), 470.0), (array([[ 7,  3],
       [12,  3],
       [ 2,  2]]), array([1, 2, 2]), 470.0), (array([[11,  2],
       [10,  4],
       [ 2,  4]]), array([0, 2, 2]), 471.0), (array([[ 9,  4],
       [12,  0],
       [ 1,  4]]), array([1, 2, 2]), 473.0), (array([[9, 4],
       [9, 1],
       [2, 2]]), array([2, 0, 2]), 495.0)]
Generation 7 population configuration: 
[(array([[ 2,  1],
       [ 4,  4],
       [11,  3]]), array([3, 1, 2]), 433.0), (array([[ 2.,  1.],
       [ 4.,  4.],
       [11.,  3.]]), array([3, 1, 2]), 433.0), (array([[ 2.,  1.],
       [ 4.,  4.],
       [11.,  3.]]), array([3, 1, 2]), 433.0), (array([[ 2.,  1.],
       [ 4.,  4.],
       [11.,  3.]]), array([3, 1, 2]), 433.0), (array([[ 2.,  1.],
       [ 4.,  4.],
       [11.,  3.]]), array([3, 1, 2]), 433.0), (array([[ 2.,  1.],
       [ 4.,  4.],
       [11.,  3.]]), array([3, 1, 2]), 433.0), (array([[ 2.,  1.],
       [ 4.,  4.],
       [11.,  3.]]), array([3, 1, 2]), 433.0), (array([[ 2.,  1.],
       [ 4.,  4.],
       [11.,  3.]]), array([3, 1, 2]), 433.0), (array([[ 2,  0],
       [ 2,  2],
       [14,  3]]), array([2, 2, 0]), 434.0), (array([[ 2.,  0.],
       [ 2.,  2.],
       [14.,  3.]]), array([2, 2, 0]), 434.0), (array([[ 2.,  0.],
       [ 2.,  2.],
       [14.,  3.]]), array([2, 2, 0]), 434.0), (array([[ 2.,  0.],
       [ 2.,  2.],
       [14.,  4.]]), array([2, 2, 1]), 434.0), (array([[ 2.,  0.],
       [ 2.,  2.],
       [14.,  3.]]), array([2, 2, 0]), 434.0), (array([[ 7.,  1.],
       [ 3.,  2.],
       [11.,  3.]]), array([3, 3, 2]), 437.0), (array([[ 4,  3],
       [ 6,  1],
       [11,  4]]), array([2, 0, 2]), 440.0), (array([[ 7,  2],
       [ 9,  1],
       [11,  3]]), array([2, 0, 1]), 441.0), (array([[7, 2],
       [5, 4],
       [2, 0]]), array([2, 2, 2]), 491.0), (array([[10,  3],
       [ 5,  1],
       [ 2,  4]]), array([1, 3, 1]), 496.0), (array([[11,  2],
       [ 8,  1],
       [ 3,  4]]), array([2, 3, 2]), 508.0), (array([[13,  1],
       [ 6,  3],
       [ 2,  3]]), array([3, 2, 1]), 544.0)]
Generation 8 population configuration: 
[(array([[ 2,  1],
       [ 4,  4],
       [11,  3]]), array([3, 1, 2]), 433.0), (array([[ 2.,  1.],
       [ 4.,  4.],
       [11.,  3.]]), array([3, 1, 2]), 433.0), (array([[ 2.,  1.],
       [ 4.,  4.],
       [11.,  3.]]), array([3, 1, 2]), 433.0), (array([[ 2.,  1.],
       [ 4.,  4.],
       [11.,  3.]]), array([3, 1, 2]), 433.0), (array([[ 2.,  1.],
       [ 4.,  4.],
       [11.,  3.]]), array([3, 1, 2]), 433.0), (array([[ 2.,  1.],
       [ 4.,  4.],
       [11.,  3.]]), array([3, 1, 2]), 433.0), (array([[ 2.,  1.],
       [ 4.,  4.],
       [11.,  3.]]), array([3, 1, 2]), 433.0), (array([[ 2.,  1.],
       [ 4.,  4.],
       [11.,  3.]]), array([3, 1, 2]), 433.0), (array([[ 2.,  1.],
       [ 4.,  4.],
       [11.,  3.]]), array([3, 1, 2]), 433.0), (array([[ 2.,  1.],
       [ 4.,  4.],
       [11.,  3.]]), array([3, 1, 2]), 433.0), (array([[ 2.,  1.],
       [ 4.,  4.],
       [11.,  3.]]), array([3, 1, 2]), 433.0), (array([[ 2.,  1.],
       [ 4.,  4.],
       [11.,  3.]]), array([3, 1, 2]), 433.0), (array([[ 1,  1],
       [ 7,  3],
       [12,  4]]), array([3, 0, 2]), 433.0), (array([[ 3.,  1.],
       [ 4.,  4.],
       [11.,  3.]]), array([3, 1, 2]), 435.0), (array([[ 2.,  0.],
       [ 3.,  2.],
       [14.,  3.]]), array([2, 2, 0]), 435.0), (array([[ 4,  1],
       [ 6,  3],
       [12,  3]]), array([3, 2, 2]), 436.0), (array([[ 2,  3],
       [12,  3],
       [13,  1]]), array([1, 2, 0]), 437.0), (array([[6, 2],
       [9, 4],
       [1, 1]]), array([2, 2, 2]), 439.0), (array([[13,  4],
       [ 9,  2],
       [ 2,  3]]), array([1, 0, 1]), 498.0), (array([[10,  3],
       [ 5,  4],
       [ 2,  0]]), array([2, 2, 2]), 512.0)]
Generation 9 population configuration: 
[(array([[ 2,  1],
       [ 4,  4],
       [11,  3]]), array([3, 1, 2]), 433.0), (array([[ 2.,  1.],
       [ 4.,  4.],
       [11.,  3.]]), array([3, 1, 2]), 433.0), (array([[ 2.,  1.],
       [ 4.,  4.],
       [11.,  3.]]), array([3, 1, 2]), 433.0), (array([[ 2.,  1.],
       [ 4.,  4.],
       [11.,  3.]]), array([3, 1, 2]), 433.0), (array([[ 2.,  1.],
       [ 4.,  4.],
       [11.,  3.]]), array([3, 1, 2]), 433.0), (array([[ 2.,  1.],
       [ 4.,  4.],
       [11.,  3.]]), array([3, 1, 2]), 433.0), (array([[ 2.,  1.],
       [ 4.,  4.],
       [11.,  1.]]), array([3, 1, 2]), 433.0), (array([[ 2.,  1.],
       [ 4.,  4.],
       [11.,  3.]]), array([3, 1, 2]), 433.0), (array([[ 2.,  1.],
       [ 4.,  4.],
       [11.,  3.]]), array([3, 1, 2]), 433.0), (array([[ 2.,  1.],
       [ 4.,  4.],
       [11.,  4.]]), array([3, 1, 2]), 433.0), (array([[ 2.,  1.],
       [ 4.,  4.],
       [11.,  3.]]), array([3, 1, 2]), 433.0), (array([[ 2.,  1.],
       [ 4.,  4.],
       [11.,  3.]]), array([3, 1, 2]), 433.0), (array([[ 2.,  1.],
       [ 4.,  4.],
       [11.,  3.]]), array([3, 1, 2]), 433.0), (array([[ 2.,  3.],
       [12.,  3.],
       [13.,  1.]]), array([1, 2, 0]), 437.0), (array([[3, 5],
       [2, 0],
       [9, 2]]), array([0, 2, 3]), 468.0), (array([[10,  2],
       [12,  3],
       [ 3,  1]]), array([0, 1, 0]), 470.0), (array([[11,  2],
       [ 8,  4],
       [ 1,  3]]), array([0, 2, 2]), 471.0), (array([[12,  3],
       [ 7,  2],
       [ 6,  5]]), array([1, 2, 0]), 512.0), (array([[12,  1],
       [ 9,  2],
       [ 1,  4]]), array([0, 2, 2]), 541.0), (array([[13,  2],
       [ 8,  4],
       [ 2,  1]]), array([3, 2, 2]), 545.0)]
Generation 10 population configuration: 
[(array([[ 2,  1],
       [ 4,  4],
       [11,  3]]), array([3, 1, 2]), 433.0), (array([[ 2.,  1.],
       [ 4.,  4.],
       [11.,  3.]]), array([3, 1, 2]), 433.0), (array([[ 2.,  1.],
       [ 4.,  4.],
       [11.,  3.]]), array([3, 1, 2]), 433.0), (array([[ 2.,  1.],
       [ 4.,  4.],
       [11.,  3.]]), array([3, 1, 2]), 433.0), (array([[ 2.,  1.],
       [ 4.,  4.],
       [11.,  3.]]), array([3, 1, 2]), 433.0), (array([[ 2.,  1.],
       [ 4.,  4.],
       [11.,  3.]]), array([3, 1, 2]), 433.0), (array([[ 2.,  1.],
       [ 4.,  4.],
       [11.,  3.]]), array([3, 1, 2]), 433.0), (array([[ 2.,  1.],
       [ 4.,  4.],
       [11.,  3.]]), array([3, 1, 2]), 433.0), (array([[ 2.,  1.],
       [ 4.,  4.],
       [11.,  3.]]), array([3, 1, 2]), 433.0), (array([[ 2.,  1.],
       [ 4.,  4.],
       [11.,  3.]]), array([3, 1, 2]), 433.0), (array([[ 2.,  1.],
       [ 4.,  4.],
       [11.,  3.]]), array([3, 1, 2]), 433.0), (array([[ 2.,  1.],
       [ 4.,  4.],
       [11.,  3.]]), array([3, 1, 2]), 433.0), (array([[ 2.,  1.],
       [ 4.,  4.],
       [11.,  4.]]), array([3, 1, 2]), 433.0), (array([[ 2.,  1.],
       [ 4.,  4.],
       [11.,  3.]]), array([3, 1, 2]), 433.0), (array([[ 3,  1],
       [ 8,  3],
       [11,  1]]), array([2, 1, 2]), 437.0), (array([[ 6,  3],
       [ 2,  4],
       [12,  2]]), array([1, 2, 2]), 469.0), (array([[ 9,  4],
       [11,  3],
       [ 1,  4]]), array([1, 1, 1]), 473.0), (array([[ 9,  4],
       [12,  4],
       [ 6,  2]]), array([1, 1, 3]), 473.0), (array([[13,  3],
       [11,  4],
       [ 1,  1]]), array([1, 0, 2]), 489.0), (array([[10,  4],
       [ 7,  1],
       [ 1,  2]]), array([2, 0, 2]), 496.0)]
