Original population print time: 
[434.0, 436.0, 436.0, 437.0, 437.0, 437.0, 437.0, 438.0, 439.0, 439.0, 439.0, 443.0, 444.0, 469.0, 473.0, 496.0, 497.0, 501.0, 515.0, 525.0]
Generation 1 population print time: 
[434.0, 434.0, 436.0, 436.0, 436.0, 437.0, 437.0, 437.0, 437.0, 438.0, 439.0, 439.0, 439.0, 443.0, 468.0, 469.0, 469.0, 472.0, 493.0, 497.0]
Generation 2 population print time: 
[434.0, 434.0, 436.0, 436.0, 436.0, 436.0, 436.0, 437.0, 437.0, 437.0, 437.0, 438.0, 438.0, 439.0, 439.0, 439.0, 440.0, 442.0, 469.0, 475.0]
Generation 3 population print time: 
[433.0, 434.0, 434.0, 435.0, 436.0, 436.0, 436.0, 436.0, 436.0, 436.0, 436.0, 437.0, 437.0, 437.0, 439.0, 440.0, 440.0, 469.0, 469.0, 542.0]
Generation 4 population print time: 
[433.0, 433.0, 434.0, 434.0, 434.0, 435.0, 435.0, 436.0, 436.0, 436.0, 436.0, 436.0, 437.0, 445.0, 466.0, 468.0, 471.0, 512.0, 517.0, 529.0]
Generation 5 population print time: 
[433.0, 433.0, 433.0, 434.0, 434.0, 434.0, 434.0, 434.0, 435.0, 436.0, 436.0, 436.0, 436.0, 437.0, 437.0, 438.0, 442.0, 446.0, 499.0, 528.0]
Generation 6 population print time: 
[433.0, 433.0, 433.0, 433.0, 434.0, 434.0, 434.0, 434.0, 434.0, 434.0, 434.0, 434.0, 435.0, 437.0, 439.0, 470.0, 470.0, 471.0, 473.0, 495.0]
Generation 7 population print time: 
[433.0, 433.0, 433.0, 433.0, 433.0, 433.0, 433.0, 433.0, 434.0, 434.0, 434.0, 434.0, 434.0, 437.0, 440.0, 441.0, 491.0, 496.0, 508.0, 544.0]
Generation 8 population print time: 
[433.0, 433.0, 433.0, 433.0, 433.0, 433.0, 433.0, 433.0, 433.0, 433.0, 433.0, 433.0, 433.0, 435.0, 435.0, 436.0, 437.0, 439.0, 498.0, 512.0]
Generation 9 population print time: 
[433.0, 433.0, 433.0, 433.0, 433.0, 433.0, 433.0, 433.0, 433.0, 433.0, 433.0, 433.0, 433.0, 437.0, 468.0, 470.0, 471.0, 512.0, 541.0, 545.0]
Generation 10 population print time: 
[433.0, 433.0, 433.0, 433.0, 433.0, 433.0, 433.0, 433.0, 433.0, 433.0, 433.0, 433.0, 433.0, 433.0, 437.0, 469.0, 473.0, 473.0, 489.0, 496.0]
